345308474382158
503852927717
566460447709
3510422794133317
2253681324173597
4442860987395
3521994157874866
4592146834132182
4803654285559097
6519022533329251
4265735251200815
3576449422666823
341986770385159
4989586015036838
378149362070699
30490786155421
4484623131123685
3515055080117068
3503077591758747
180084950890976
4546381091884921
4538242015027
4352076128900
4584456189218928
4554890194758
4956020328844
4703996826455113000
6531949014489556
2423342534214672
30230295300203
3588282065820852
4371258811288825
5236636639704069
4537691948714506
4245304977597916
6529488600163717
6011524478867925
4902630511547874
4125432153532699
6011264783886670
6011043405626908
345105039182390
4746727554913946
676356641909
4136045791401098
4409218638392
4709035454357548379
3553773235616718
3550641010281003
2425428413072014
